103
124 774 437
166 326 423
55 899 913
169 621 411
85 320 519
192 732 995
27 461 774
80 299 809
49 428 565
50 867 870
61 184 917
68 146 217
35 380 397
169 249 197
31 36 485
46 198 715
42 562 597
7 538 508
26 890 885
49 148 799
58 403 189
32 173 524
164 487 403
156 933 696
99 215 137
187 746 8
85 938 460
141 713 629
170 373 906
94 592 213
124 500 167
50 420 87
143 702 408
65 355 562
126 67 199
58 645 155
54 290 282
195 675 152
126 739 800
25 446 175
29 714 386
152 858 286
6 377 533
125 287 2
152 171 34
157 184 155
17 300 391
64 380 440
58 914 539
129 587 90
3 9 321
79 960 297
158 329 596
100 439 754
26 961 590
120 556 719
81 617 747
85 262 362
154 739 144
129 595 532
89 2 596
44 630 455
68 35 150
195 184 637
110 133 97
153 58 145
64 417 580
60 916 41
86 348 556
191 143 394
63 603 95
81 171 656
118 920 497
159 96 327
168 587 432
191 98 493
175 101 992
62 564 392
47 781 61
21 922 145
153 60 441
78 598 64
81 741 763
78 575 664
11 106 114
178 922 557
163 857 507
120 204 865
131 842 39
183 993 698
6 530 836
86 131 555
50 168 373
65 433 671
153 886 375
94 933 313
26 631 763
100 804 634
62 75 248
120 643 289
90 840 434
55 838 861
168 334 713
