78
192 2 21
36 322 630
25 571 413
48 980 217
188 92 176
49 7 846
134 283 208
44 677 381
176 195 494
100 333 36
145 830 178
95 565 433
170 924 455
76 267 538
64 792 346
92 652 892
56 538 374
132 986 126
76 838 875
95 41 839
47 205 315
106 577 912
168 345 603
85 789 354
112 516 859
69 552 146
109 264 154
37 418 849
45 268 563
100 967 992
174 604 438
13 605 439
191 198 803
179 830 598
144 719 552
37 143 546
29 637 455
3 938 576
41 784 659
85 737 210
57 824 919
109 775 219
195 304 319
13 586 416
134 443 161
121 217 675
10 662 952
163 82 206
177 954 480
23 640 482
12 969 328
158 672 972
175 932 902
48 319 545
122 419 486
21 322 338
28 455 376
22 81 108
102 32 430
40 22 732
186 290 286
103 494 726
174 282 704
199 358 246
156 606 46
13 140 651
3 42 864
182 193 985
180 344 818
125 311 185
188 866 796
23 848 373
135 445 433
63 133 896
109 343 199
89 917 46
183 442 10
134 820 106
